100
1
1 1
1
200 1
1
1 10000000
1
200 10000000
1
199 9999999
100
100 100
1 1
2 2
3 3
4 4
5 5
6 6
7 7
8 8
9 9
10 10
11 11
12 12
13 13
14 14
15 15
16 16
17 17
18 18
19 19
20 20
21 21
22 22
23 23
24 24
25 25
26 26
27 27
28 28
29 29
30 30
31 31
32 32
33 33
34 34
35 35
36 36
37 37
38 38
39 39
40 40
41 41
42 42
43 43
44 44
45 45
46 46
47 47
48 48
49 49
50 50
51 51
52 52
53 53
54 54
55 55
56 56
57 57
58 58
59 59
60 60
61 61
62 62
63 63
64 64
65 65
66 66
67 67
68 68
69 69
70 70
71 71
72 72
73 73
74 74
75 75
76 76
77 77
78 78
79 79
80 80
81 81
82 82
83 83
84 84
85 85
86 86
87 87
88 88
89 89
90 90
91 91
92 92
93 93
94 94
95 95
96 96
97 97
98 98
99 99
100
200 10000000
200 10000000
200 10000000
200 10000000
200 10000000
200 10000000
200 10000000
200 10000000
200 10000000
200 10000000
200 10000000
200 10000000
200 10000000
200 10000000
200 10000000
200 10000000
200 10000000
200 10000000
200 10000000
200 10000000
200 10000000
200 10000000
200 10000000
200 10000000
200 10000000
200 10000000
200 10000000
200 10000000
200 10000000
200 10000000
200 10000000
200 10000000
200 10000000
200 10000000
200 10000000
200 10000000
200 10000000
200 10000000
200 10000000
200 10000000
200 10000000
200 10000000
200 10000000
200 10000000
200 10000000
200 10000000
200 10000000
200 10000000
200 10000000
200 10000000
200 10000000
200 10000000
200 10000000
200 10000000
200 10000000
200 10000000
200 10000000
200 10000000
200 10000000
200 10000000
200 10000000
200 10000000
200 10000000
200 10000000
200 10000000
200 10000000
200 10000000
200 10000000
200 10000000
200 10000000
200 10000000
200 10000000
200 10000000
200 10000000
200 10000000
200 10000000
200 10000000
200 10000000
200 10000000
200 10000000
200 10000000
200 10000000
200 10000000
200 10000000
200 10000000
200 10000000
200 10000000
200 10000000
200 10000000
200 10000000
200 10000000
200 10000000
200 10000000
200 10000000
200 10000000
200 10000000
200 10000000
200 10000000
200 10000000
200 10000000
100
199 9999999
199 9999999
199 9999999
199 9999999
199 9999999
199 9999999
199 9999999
199 9999999
199 9999999
199 9999999
199 9999999
199 9999999
199 9999999
199 9999999
199 9999999
199 9999999
199 9999999
199 9999999
199 9999999
199 9999999
199 9999999
199 9999999
199 9999999
199 9999999
199 9999999
199 9999999
199 9999999
199 9999999
199 9999999
199 9999999
199 9999999
199 9999999
199 9999999
199 9999999
199 9999999
199 9999999
199 9999999
199 9999999
199 9999999
199 9999999
199 9999999
199 9999999
199 9999999
199 9999999
199 9999999
199 9999999
199 9999999
199 9999999
199 9999999
199 9999999
199 9999999
199 9999999
199 9999999
199 9999999
199 9999999
199 9999999
199 9999999
199 9999999
199 9999999
199 9999999
199 9999999
199 9999999
199 9999999
199 9999999
199 9999999
199 9999999
199 9999999
199 9999999
199 9999999
199 9999999
199 9999999
199 9999999
199 9999999
199 9999999
199 9999999
199 9999999
199 9999999
199 9999999
199 9999999
199 9999999
199 9999999
199 9999999
199 9999999
199 9999999
199 9999999
199 9999999
199 9999999
199 9999999
199 9999999
199 9999999
199 9999999
199 9999999
199 9999999
199 9999999
199 9999999
199 9999999
199 9999999
199 9999999
199 9999999
199 9999999
51
55 3951222
38 2899588
29 2147773
29 1945356
20 1267182
20 1280198
18 1168910
16 1061742
15 1048808
16 998685
14 888219
13 853551
12 761489
11 727871
11 694950
11 683317
11 673221
10 613742
10 604568
10 582243
9 575873
10 563963
9 514871
9 490318
8 464879
8 446767
7 421773
7 395697
7 356528
6 320595
6 315507
6 308015
6 301782
6 297614
6 291331
6 209682
5 193440
5 179214
4 178706
4 141587
4 135971
4 134421
3 106877
4 105936
3 97376
3 88465
3 76206
3 73154
3 70574
3 62398
3 57875
45
14 1967942
13 1794047
2 490766
5 522847
18 2400779
15 1915379
7 922322
4 691193
2 337082
13 1676098
11 1341852
19 2491363
10 1340911
6 780763
6 858076
15 1831955
7 982084
11 1365427
2 425976
4 765667
18 2467685
7 914559
15 1875548
13 1614595
13 1639054
19 2469472
21 2782055
11 1439732
4 583801
7 972338
19 2547293
2 438795
20 2699301
19 2389165
4 736325
19 2563327
12 1590028
15 1840001
20 2613120
15 1919152
7 863752
3 391393
17 2086438
16 2184019
16 2104122
85
83 304001
114 376655
127 430996
134 476647
102 338176
108 358129
137 489371
114 384842
14 54076
31 97646
130 464512
16 82259
63 218506
75 226911
38 89334
34 96354
94 329630
105 384492
25 75210
77 246948
55 183911
48 164753
67 251064
92 350972
80 277531
79 280392
90 312250
84 293183
142 489404
45 157549
83 309852
62 215651
31 90548
141 460536
20 77221
107 379935
61 189641
112 375421
136 461850
21 75064
22 77528
63 206150
116 390380
70 235842
80 279968
79 273076
106 383944
108 361479
39 162731
134 451931
88 291080
43 151273
28 130312
89 271242
34 129408
119 435371
118 423900
36 96811
41 136257
104 367652
39 161623
93 328369
30 113330
116 376332
99 323627
88 310245
43 173948
63 178760
45 171582
136 476329
58 217903
54 189720
121 421637
74 266999
76 267099
46 133873
28 99312
140 452204
78 302233
25 63130
123 407577
67 247425
20 88336
121 445284
103 330773
63
28 7741215
13 3747763
29 7278071
31 7403634
33 8583544
19 4402940
25 6620084
9 2791566
12 3393819
43 9901453
5 1418640
5 1122145
9 2348430
27 6846885
40 10000000
23 5891516
18 4189122
24 6734483
14 3134572
35 8179721
17 4380358
8 2687461
10 2117677
7 1478648
4 1102539
41 9940152
36 9132353
43 10000000
17 4888888
39 9560616
17 4909258
26 6449746
28 7722274
40 10000000
35 8725773
24 6162673
34 8788693
17 4840885
43 10000000
29 7083385
40 10000000
37 9071463
21 5900785
33 8080084
10 2015585
14 3643664
18 4617699
18 3984378
7 1636670
17 4246884
4 991213
30 7237388
24 6006885
23 5328172
35 8413464
33 8387711
42 10000000
12 3275954
9 2271641
39 8880978
9 2000872
40 10000000
39 9024020
35
123 87204
112 87290
163 119783
77 60974
20 15659
67 38645
148 110707
132 97871
83 57118
117 80507
29 18951
33 16025
111 80088
176 127227
144 106188
70 46258
187 130730
20 16434
75 60795
74 55287
18 13842
193 130350
41 32431
186 131068
157 109540
28 24598
114 86527
64 48973
57 46342
79 55078
68 42482
147 112387
70 50595
135 96873
108 86829
76
16 2696710
18 3152021
19 3160142
6 1269495
14 2325417
8 1319993
3 330478
16 2914017
15 2546572
10 1869338
17 2875312
4 971712
5 865318
17 2668623
11 1717867
11 1653697
12 2258899
4 962962
5 876151
11 1819247
5 834615
6 1184331
18 2944967
7 1065052
18 3078185
5 908034
2 614206
3 580934
4 938184
13 2224237
7 1090219
10 1631874
16 2623550
18 2955805
7 1197562
8 1562639
20 3355569
9 1415375
5 701338
20 3391452
12 2052765
9 1407537
14 2543261
8 1475835
12 2010598
4 811000
14 2510171
16 2650770
18 3245056
14 2586988
17 2889631
11 1773657
15 2434844
14 2595598
9 1324442
14 2288650
21 3319297
5 806701
2 639949
21 3467849
13 2161463
14 2538548
19 2926330
19 3001732
6 1064137
2 579315
21 3292034
6 1174890
21 3553093
19 2923200
12 1964322
14 2376364
8 1459172
17 2655172
17 2760675
8 1556471
59
90 6048287
155 9657611
114 6939338
68 3999871
64 4054110
40 2697558
159 9726764
140 8526844
132 8101773
87 4785552
126 8012631
22 1012246
151 9525009
100 6265816
90 6211795
158 9280563
19 1804165
39 2657413
62 4164816
84 4867691
132 7396352
144 8465311
136 9056901
28 1433960
92 6083152
80 5148067
96 6308718
45 3146181
86 4782488
25 1005756
41 2593930
47 3620436
144 9072568
129 7986401
135 8749696
70 3712398
17 1774000
33 2274573
48 3178380
87 5112920
161 9374513
60 4318472
123 8024773
38 2284771
39 1864386
50 3431232
136 8207722
68 3809527
139 9020024
97 5739617
72 4034999
51 3051573
61 4093988
124 8163783
109 6445587
160 9533424
74 4338548
122 7819719
43 2256261
45
36 431289
27 241046
46 533850
43 527596
59 702090
38 415487
62 713245
68 765532
9 82959
46 509412
22 250688
34 384933
41 454350
14 235853
57 711369
20 233750
29 357373
58 707791
10 131804
39 459320
75 844647
50 627877
33 357939
69 739185
35 433354
63 758283
28 386376
37 429376
33 343730
9 87851
27 313630
25 252490
44 547882
50 584358
48 549358
35 402465
51 637074
60 660307
12 135972
46 516876
74 855187
32 333495
31 388282
29 378950
47 513428
39
1 1018996
10 6146472
4 2944390
8 4899663
8 4984858
10 6516064
2 1288269
10 6283064
6 3617851
10 6608072
9 5430897
4 2922653
2 1216259
6 3822019
1 826022
10 6024806
2 1759437
4 2996875
7 4261803
5 3378332
1 1079799
3 2096660
8 5332564
5 3055695
3 2176028
8 4901063
4 2977037
8 5255821
10 6449279
10 6382824
10 6456694
3 2403931
5 3597245
7 4260691
10 6546751
2 1375711
4 2669002
4 2610964
5 3534885
73
36 2139907
55 3821348
88 4853343
86 5177862
140 8118560
84 5146299
16 1414368
129 7326946
16 1414512
13 1265995
125 7879946
59 3928076
28 1642294
60 3427955
107 6440201
62 3619625
62 3911194
76 4133813
65 4011032
109 6896224
38 2083790
106 6370045
57 3913608
23 1187432
137 8101287
57 3478643
135 8015552
64 3277048
70 4588593
131 8423457
56 3343277
106 6764648
133 8224982
121 7631012
114 6617183
37 1828517
60 3211028
87 5008979
77 4561511
95 6206484
56 3537104
134 8477493
85 5119741
69 3972112
22 1542345
119 7482426
47 2760410
34 1900733
14 1215607
94 5836274
120 7849326
66 4396701
19 916275
137 8127825
73 4011731
40 2764459
68 4580500
128 7752253
50 3101915
119 7589847
69 4238426
120 7668104
140 8102363
52 3664972
110 6680396
40 2787356
67 4157234
23 1000300
114 6868193
139 8567480
16 1343555
37 1980758
86 5335765
68
19 421212
133 2566593
133 2659398
30 635842
85 1645939
124 2381869
140 2631666
97 1790923
57 1120777
47 821544
139 2604416
72 1393531
135 2650652
66 1224132
67 1268499
18 455004
67 1340420
62 1014336
76 1417908
113 2017922
78 1619921
43 821248
64 1131398
119 2257910
77 1458791
51 800769
25 323475
85 1676605
36 564841
62 986856
30 649985
17 443918
129 2212204
63 1125965
128 2287052
41 930700
81 1581821
17 461010
110 2152807
13 484310
81 1511747
138 2460425
38 609259
105 2124205
81 1489746
109 2165741
87 1572605
109 2086804
93 1812613
13 415658
128 2384061
45 954864
74 1443730
126 2309434
79 1559231
140 2622755
57 1082860
99 1839620
83 1706497
131 2551832
35 652381
136 2472912
97 1723528
42 799883
63 1061211
109 1992630
101 1940503
72 1326386
88
22 1353699
83 4917373
93 5465355
29 1614554
10 672630
40 2596422
57 3191238
40 2865737
46 2587450
36 2160687
102 5915165
15 841281
33 1923424
19 986141
78 4367153
70 4506214
33 1952994
48 2482109
82 5195752
20 1267245
64 4083426
12 934104
10 792702
68 3943140
28 1244169
95 5826670
44 2597602
19 1118758
69 3565325
57 3432754
43 2416453
27 1458627
53 3430630
78 4591189
30 1783569
60 3535039
78 4411269
81 5200275
60 3667287
18 1012652
93 5310304
44 2707923
59 3329103
100 6363832
35 1865800
28 1320174
79 4364680
43 2436638
101 6166177
22 1712075
50 3445715
74 4622662
28 1500194
86 5163129
103 6162946
18 774869
89 4747095
102 6289595
84 5033402
106 5863147
39 1803240
51 2942092
51 2983240
10 953597
80 5082966
102 6289516
15 943854
11 637202
35 2047388
99 5513431
30 2245167
43 2511564
80 5252506
22 1738486
26 1355558
62 3806273
73 4520277
42 2423598
30 2344088
59 3433243
18 855520
12 783575
19 629869
41 2824811
103 6359178
103 6167325
50 3433069
48 2503825
86
175 6162892
38 1757857
140 5174481
67 2698941
162 6356256
129 5029542
23 685564
71 2906306
26 1147192
110 3886820
88 3030264
159 5700330
52 2222256
75 2789323
92 3231156
107 4187483
46 1697590
45 1576617
90 3516623
114 4642864
80 3296095
114 4239418
172 6281981
94 3181616
134 5065187
139 4835840
93 3517641
64 2822500
67 2974123
171 6208449
93 3475024
156 5822370
31 946623
41 1232168
32 1355865
24 987561
93 3229213
79 2550528
118 4765826
61 2023525
151 5970102
103 4170717
62 2060162
151 5901799
101 3942856
30 891694
158 5655459
39 1356017
122 4641811
139 5139110
63 2129698
74 2838448
156 5662843
106 3856560
75 2665265
137 5215398
90 3338642
58 2084678
159 5426388
48 1841965
52 2119228
127 4387153
69 2655533
125 4613410
27 631331
169 6490285
131 5305285
51 2041482
82 3009717
161 6515785
44 1703391
100 3671630
131 5333957
100 3661414
100 4061138
141 4882505
95 3373986
98 4174597
70 2846144
119 4261311
154 5800406
123 4268034
60 2030486
33 1206105
93 3487890
39 1428634
38
62 10000000
38 6312827
45 7944198
53 8570180
28 4083119
15 2337193
60 10000000
28 4636373
49 8900386
50 8441747
21 3222031
33 5183223
28 4549225
61 10000000
32 5713406
32 5311107
57 8966242
8 1116566
27 4291244
61 9987996
14 2650543
13 2558051
46 7029907
21 2994693
46 7762619
28 4214815
40 6501363
25 4471969
63 10000000
20 3950483
10 1805830
9 1892124
46 7294980
48 8808003
31 5107763
60 10000000
16 2839273
25 4037903
32
10 574837
39 2328476
55 3512965
52 3409589
47 2864689
15 1006960
58 4054186
80 5757850
55 3317955
19 1195695
69 4870686
27 2046731
46 2821583
69 4412634
32 2594729
20 1587182
79 5184491
86 5686753
56 4007373
42 2808175
8 726118
73 5301673
49 3708693
44 3245727
34 2700028
29 1735634
37 2185839
28 1694353
42 3063925
52 3378831
61 4176006
37 2425583
78
87 4253706
55 2975396
96 4937185
52 2453081
88 4503671
92 5110473
9 838299
58 3188764
31 1432431
39 2047722
69 3442673
46 2437379
9 517122
82 4617021
84 4314188
20 1338038
23 1379883
73 4132824
39 1953112
95 4816028
86 4574307
40 2345524
36 2005457
88 4576784
45 2678539
43 2024551
9 501239
21 1210174
92 5063002
87 4425956
49 2800588
23 1216909
84 4493143
45 2681963
64 3347389
94 5085799
70 3568484
27 1678011
54 2915403
27 1545454
20 1385206
91 5034670
20 1259753
52 2371468
61 2866249
31 1605905
96 4914493
63 3367346
71 3319317
79 4020808
77 4027789
93 4862831
48 2629119
32 1842018
9 831560
46 2612073
25 1032742
53 2423275
68 3703267
60 2882459
68 3408608
57 3124147
12 746889
83 4669728
96 4740253
83 4256572
63 3452829
68 3653562
75 4129240
94 4863301
40 2232823
31 1499971
40 2021688
88 4697114
45 2708492
12 736269
77 4161178
60 3041740
37
9 112445
12 150535
32 421542
14 172531
42 477926
9 129360
34 389314
36 444184
35 404445
24 310609
32 418557
33 390511
31 357721
34 401878
34 395983
27 313362
19 191132
42 492569
15 150360
10 94813
21 265774
22 245714
8 129805
18 218363
24 301314
12 184717
7 64232
30 359299
25 323418
29 337502
8 111540
41 504416
32 386980
7 84370
42 505710
25 284759
38 437718
81
2 962554
17 6337437
16 5894783
17 6058488
10 3745403
7 2874661
14 5467059
12 4352580
20 7631680
11 3700385
3 891787
21 7562991
9 3144153
7 2464100
12 4812426
14 5360074
20 7701606
20 7806809
5 1530446
8 3011539
5 2045230
20 7414783
6 2172779
3 921600
13 4689421
14 5213668
21 7370892
18 7050182
17 6181786
8 3606622
20 7668944
13 4942083
20 7667546
5 1644818
9 3019166
20 7804169
2 1054849
16 6243094
8 3384397
7 2347779
17 6198250
6 2691856
21 7407601
9 3428293
6 2568036
11 3773455
10 4045150
21 7314974
18 6781297
6 2347232
19 6900154
5 1950135
17 6175130
5 1904386
17 6026331
6 2524620
14 5529298
6 2265131
2 1366331
17 5871311
5 1957704
11 3686655
16 5877632
14 5593457
12 4843465
16 5781262
9 3297328
8 3294867
11 4034881
9 3499813
18 7079179
19 7197371
12 4390706
20 7639217
19 6654505
3 1344782
6 2714493
17 6491295
11 3969718
11 3824297
6 2799302
32
23 2725018
27 3203726
30 4069059
12 1246057
31 3753862
42 5095357
29 3559340
40 5218700
17 2123167
54 6187948
13 1731798
5 826863
34 4166604
38 4594414
35 4272254
25 3156934
19 2155563
35 4378044
43 5037418
36 4591272
16 2301939
17 2269577
25 3269528
21 2948530
38 4586827
28 3368645
40 4895294
41 5212006
25 3566877
53 6163340
45 5653814
9 832406
43
12 1906083
8 1380282
21 2940479
15 2259330
2 478810
16 2567430
18 2657691
6 994170
7 967713
17 2531195
8 1389618
4 584090
3 551348
6 1056906
8 1165415
8 1418319
7 1102027
9 1352171
15 2033580
9 1372221
8 1319804
7 1085365
17 2411227
21 2910800
14 2033053
8 1290979
13 1964366
21 3020010
17 2353745
4 664710
9 1367512
13 1860567
5 713237
13 1873035
7 948327
16 2517884
5 748503
16 2538788
2 503283
7 988293
4 597232
17 2376335
3 478696
37
52 338115
65 371114
92 505738
104 583450
64 428525
35 155110
115 683906
50 342709
113 699740
87 532854
20 113815
104 596364
19 83080
76 443614
55 340150
33 210957
67 370867
26 197933
129 765134
12 76573
15 74481
89 508319
116 691181
71 370629
101 592026
14 113006
59 324696
110 650966
46 243278
50 295018
113 693616
32 200142
43 260515
60 379419
105 586449
99 586539
18 76377
72
91 5540605
78 4665329
169 9186066
139 7627772
76 4786742
167 9024151
188 10000000
65 3281812
122 5938027
161 8340493
111 6702636
26 1533035
78 4678819
75 4465390
127 7169548
111 6434938
180 10000000
195 10000000
29 1593549
111 6073344
76 4697598
98 5431972
131 7436696
37 2643602
191 10000000
129 7002199
169 9227143
66 3258818
44 2070853
52 2275326
20 1561418
106 5251129
159 8390509
192 10000000
115 6275839
29 1256562
143 7547122
23 1788877
132 7195664
157 7870967
162 9326447
173 9570332
138 6925248
193 10000000
183 9797079
53 2732150
115 6643396
108 6634663
106 5721558
189 10000000
63 3160554
28 1363250
87 4154432
175 9716718
132 7138707
48 2416115
188 10000000
122 6002910
173 8875873
79 4042611
196 9883538
98 5120579
167 9359204
57 3005358
66 3523561
162 9469776
75 4376268
171 9598808
190 10000000
33 983748
51 2534780
77 4648613
64
65 6441021
40 4262122
26 2596760
28 2463395
25 2794758
67 6037054
53 4696742
82 7631027
11 1416142
10 1284441
39 3518678
27 2691656
70 5827291
63 5606752
68 6489104
72 6973617
52 4896045
25 2340469
85 7380086
66 6482887
57 5354856
58 5374160
51 4821565
26 2358709
86 7901100
51 4416564
12 1328747
48 4353099
41 3808780
21 1817972
56 5778159
45 4193462
20 1825736
19 1709615
70 5933393
21 1481778
25 2285789
29 2694758
65 6448139
85 7966095
57 5742271
9 812510
19 2120353
28 2615587
17 1883518
75 7016047
37 2905672
55 4968364
74 7107957
62 5704000
9 805421
52 4935808
50 5003958
41 3807878
65 6444924
79 7101429
45 4001947
58 5516817
35 3560214
55 4672998
13 1230310
69 6008143
14 754915
81 7689551
70
87 1211940
64 844383
86 1234449
120 1690780
37 584830
75 1073622
35 392003
88 1121588
45 566861
44 481511
65 919413
44 598976
44 549012
82 1019731
122 1724450
99 1343135
28 370673
14 243100
64 934940
83 960104
18 173937
83 1003134
59 713993
84 1247321
72 1054647
92 1217749
75 1019538
36 509718
122 1624166
21 203437
49 679629
53 785786
117 1546403
127 1624832
122 1728305
82 1010653
65 920466
13 219031
124 1693235
57 718962
52 734264
33 318673
128 1687647
86 1137513
111 1592024
37 478235
119 1499221
100 1372097
25 394287
96 1291260
56 699710
102 1296816
107 1376489
88 1135201
56 689204
69 814840
16 160938
128 1678614
79 999626
46 522967
55 674873
68 938359
43 523270
40 500467
42 568286
129 1612777
122 1672648
126 1643498
56 690151
128 1688675
67
6 4055526
9 6080780
9 5798048
8 5448241
4 2840234
5 3558531
8 5426038
4 2515632
3 2473513
4 2530156
10 6689931
10 6851672
8 5387239
6 4092579
3 1890567
7 4407902
8 5615641
7 4452332
7 4677162
2 1607231
9 5950188
6 3745171
9 5939293
2 1791726
10 6864363
10 6475243
7 4716631
2 1664046
6 4321527
4 2707384
4 2711623
8 5166830
9 5751058
1 997009
2 1372922
7 4494619
9 5836891
7 4668789
7 4838759
1 728161
10 6721137
2 1770844
3 2206763
5 3653246
3 1891463
4 2868373
7 4572892
1 976974
3 2153911
4 3081716
6 4065586
6 4248553
2 1846406
2 1411543
7 4412256
6 4175323
1 1043132
7 4398912
5 3486678
10 6714351
8 5264298
6 4074969
4 2824165
3 1945912
7 4727446
3 2378361
4 2661384
100
10 3942727
10 4262289
7 3061684
10 4165306
4 1922766
9 3823228
8 3169023
1 445917
8 3147073
2 1106613
4 1763453
8 3323843
9 3889273
3 1252771
5 2008752
2 869063
4 1802058
1 586187
6 2641619
7 3099587
8 3341739
9 3565130
9 3606323
5 2199824
10 4081905
9 3653922
2 964240
4 1558761
9 3871775
5 2300957
10 3928317
6 2591265
1 487332
9 3673070
4 1882016
6 2630557
4 1723201
1 764518
10 4069872
7 3092181
2 836350
3 1206170
3 1265682
10 4035003
1 530336
2 816538
9 3536534
3 1424901
3 1266665
8 3227629
9 3749140
9 3658911
8 3425059
4 1912177
4 1859918
2 1123392
10 4232611
5 2102047
3 1233522
7 3000023
6 2546303
9 3670091
7 2729293
1 406799
4 1567651
2 945153
7 3069342
9 3805492
7 2995270
9 3880348
2 934725
2 1151857
2 1093939
7 3011913
8 3215023
7 2846530
3 1486215
4 1933976
6 2726592
8 3295372
3 1198095
1 627340
3 1451372
4 1768316
7 2896811
9 3671609
10 4092524
5 2083084
5 2101771
3 1334442
6 2441465
4 1595162
4 1779661
4 1561325
2 1082959
10 4180282
5 2218696
10 4214454
3 1218040
8 3293460
46
97 1040761
120 1493020
200 2328442
165 1884222
196 2144971
50 465992
94 1091418
200 2384987
125 1495478
195 2135832
187 1973420
124 1316931
182 2074814
200 2372096
110 1096769
200 2293065
132 1350689
178 1916413
170 1898142
188 2035192
78 711810
39 367534
94 992448
119 1283389
40 615927
83 892327
41 459936
137 1472074
98 990076
22 289323
63 841029
118 1235403
196 2046294
41 578829
114 1213915
38 375595
200 2196496
85 975037
62 767806
36 334403
79 824777
135 1363888
50 621026
116 1191197
166 1888344
67 661075
31
79 327815
58 196472
91 384756
64 223185
82 293500
41 156466
28 102874
13 90613
108 400366
127 450904
56 209021
16 51372
132 510990
88 304982
141 495492
62 201051
95 380802
126 484225
61 226830
92 355394
92 371743
115 436475
84 306473
106 400541
36 118721
58 211468
20 96876
135 515746
29 117314
44 158934
45 188885
47
106 7658051
21 1713949
96 7704612
81 5657248
106 7133155
111 8514300
49 3502340
93 6777683
62 5010013
129 9199516
76 5402665
42 3156283
86 6658148
61 4676129
128 8810008
32 2403439
100 7747023
116 8198842
129 9144735
120 8947012
102 7561522
27 1743173
119 8418047
48 4251180
30 2392341
102 7115586
105 7192982
53 3500419
39 3306746
30 2172361
75 5305476
27 2224103
121 8968760
105 7562982
22 1452285
75 5404320
71 4770359
36 2642661
113 8370549
115 8017290
22 1317788
62 4507770
125 9358314
113 8667467
118 8677136
60 5165490
38 2815956
40
152 4845920
200 6392206
95 3532980
168 4919948
114 3683298
97 3276504
84 2793674
148 4592411
70 1873124
122 3809424
57 2049593
68 2221999
200 6436122
116 4038381
146 4657761
151 4677139
189 5454846
186 5708109
200 6148027
47 1347519
27 750965
135 4659501
110 3157506
119 4007635
74 1846274
66 1997802
149 4402405
79 2886585
200 6360916
157 4933766
155 5210108
200 6332792
58 2254982
31 971402
175 5916196
120 4051226
94 2873820
137 4393508
61 2018790
57 2258818
26
91 2223231
38 1210243
137 3434455
129 3366587
101 2635833
175 4247365
193 4687141
90 2456680
176 4236409
22 869667
177 4259869
64 1343139
164 4122350
120 2658995
161 3762696
30 847896
26 884335
151 3573961
110 3009334
47 905104
175 4137059
74 1782232
159 3583843
47 1015928
68 1645240
40 1178436
98
42 487368
70 942551
78 1140794
23 405270
54 621995
159 2122521
109 1484620
121 1723942
60 828541
50 724985
102 1342705
96 1239897
102 1380713
96 1349874
89 1167226
133 1787945
77 1125088
105 1440810
93 1264757
18 270130
71 982909
74 867671
49 615753
15 363122
37 580706
62 975028
100 1371298
140 1855865
88 1140212
15 343490
15 277366
87 1107760
102 1358279
162 2219282
137 1865702
122 1711707
64 871070
78 1075955
75 1125977
148 1978921
71 912466
155 2102344
88 1044303
80 1061587
33 418635
46 724214
162 2050927
39 423174
54 729218
88 1022372
146 2009070
60 880871
146 1945452
40 457545
53 781240
121 1793212
155 2074480
70 857350
49 692676
55 622292
161 2146168
92 1387826
104 1332781
42 607703
44 502738
82 1132873
55 773406
36 541286
39 482985
135 1940181
57 798192
47 773405
79 1159580
70 977743
110 1485951
111 1573701
162 2208273
57 660870
155 2230972
53 644753
47 641365
77 1065697
78 1014537
16 253828
110 1511825
86 1058222
22 211450
40 579796
44 482535
149 1953278
140 1945906
145 1856053
45 705955
99 1299123
161 2046806
151 2200305
157 2168303
39 435503
47
10 1461043
7 925513
13 1912300
9 1224548
13 1956243
7 1069952
14 2075321
14 2052396
21 2949790
17 2566106
10 1639758
16 2337021
19 2728998
19 2654359
7 1115445
20 3130110
3 505978
6 1136492
21 2879753
21 2991937
20 3067199
13 1947058
18 2617402
3 395117
10 1577116
17 2507649
9 1246519
14 2260887
11 1542351
2 377177
17 2464916
18 2700217
20 2991524
5 703381
6 1133180
7 1046018
16 2425435
3 331574
3 448737
10 1622860
11 1541564
21 3078026
5 727932
16 2402869
14 2186048
13 1980567
6 950663
28
120 4441255
38 1660153
99 3780265
76 2508575
104 3893723
69 2469758
162 6316190
166 6201324
58 2215124
33 1703582
42 1819141
153 5860002
54 1916098
158 6034539
127 4325929
109 4042282
101 3715019
156 5635811
110 4272078
77 2975317
100 3968537
135 5092057
134 4914496
70 2595586
95 3440350
112 4446520
126 4863731
105 4189781
51
106 9764587
32 3725544
102 10000000
87 8634456
44 4205965
69 6096182
15 983978
23 2028893
31 3684762
88 8316072
47 4549686
89 8393863
70 7630773
59 5635022
93 9311557
34 2992877
28 2402648
102 9920263
60 5825035
76 6908033
104 9953937
102 10000000
73 7654976
30 2932234
102 10000000
84 7751343
10 1037779
28 2733459
108 10000000
91 9233239
81 7923891
99 9589765
72 6758232
61 6489589
94 8986036
18 1638345
60 6722660
54 5207234
12 973327
52 5365323
97 9135216
104 10000000
16 1739760
107 10000000
65 6349517
53 5766266
36 3439588
43 4620182
102 10000000
89 8649189
44 4234144
68
67 619436
97 891530
68 628100
67 550318
85 744194
74 687977
40 387285
98 881681
59 499495
71 720691
57 459274
48 398663
59 503519
47 365831
18 114155
99 901293
107 980687
32 344506
74 679763
64 626653
45 448165
25 221606
26 270617
101 946587
43 369306
13 135412
96 843634
80 749000
75 726205
15 169266
100 992108
79 703383
74 672165
48 428566
63 611328
52 478101
84 808827
77 639016
66 605484
63 583997
84 807225
60 625717
44 428116
73 690224
23 268059
80 802600
52 465579
53 517403
102 931961
24 252636
97 883066
66 548075
82 769287
53 497206
10 117173
53 460195
67 601697
105 959382
55 455758
77 636645
13 123118
28 186213
34 359552
39 340695
80 751479
95 854768
60 545345
86 763700
67
12 2149241
2 617885
15 2441150
15 2406779
18 2873694
17 2589222
18 3128621
5 921058
10 1733733
6 1160510
4 804709
8 1405880
11 1632518
6 1203757
3 525426
19 2986494
6 1249258
9 1445119
15 2474726
18 3070293
18 2941247
15 2295717
17 2592213
20 3156810
15 2340453
4 705323
11 1634359
6 954298
7 950821
19 3105231
21 3283502
18 2990993
3 383841
20 3376517
3 331971
10 1652021
14 2397027
15 2302390
4 766928
12 2045204
19 3015576
13 2080286
18 3067644
11 1721801
19 3001762
13 2038544
10 1774963
20 3277200
4 898636
19 2934285
8 1384493
2 481579
18 2866655
16 2805999
9 1395517
2 594375
13 1985839
16 2633698
5 887261
16 2630321
6 1235678
14 2232769
8 1492618
6 980759
17 2744429
20 3168959
6 1217873
26
27 2955063
10 1086074
13 1417700
33 3923793
30 3624114
23 2734537
18 2256721
25 3049127
5 699856
40 5036757
13 1434260
38 4622241
22 2508528
34 4067462
18 2023964
21 2457348
12 1821356
15 1743098
16 2257679
27 3033601
4 500939
21 2623916
23 2494351
12 1554898
32 3932099
43 5009828
88
75 3083774
67 2824481
33 1339039
20 732252
103 4232791
79 3253860
32 1524467
49 1712478
37 1311180
152 6026230
128 5220047
151 5843080
62 2512174
131 5580400
21 1079269
21 573098
35 1324904
62 2694169
71 3262710
113 4705432
51 1790121
149 5797571
79 2999616
125 4591669
19 650403
146 6017806
28 1505552
41 1463436
76 3043342
109 4375821
35 1175764
128 5579693
143 5749023
110 4031942
75 2850713
46 2060750
138 5353023
152 5766746
78 2844909
150 5852177
149 5729816
30 1348428
41 1409823
77 2834992
64 2539644
90 3467493
109 4476023
115 4912765
79 2901578
29 1242236
150 5742998
104 4004689
129 5370093
101 4387948
89 3807389
32 1364862
54 1755062
100 4192942
31 1258635
76 3232757
121 4625907
72 3018988
140 5961803
89 3506929
83 3220987
61 2443416
109 4113461
84 3751552
43 2144031
73 3386184
51 1754593
74 3263615
33 1199799
126 5448632
100 4422914
19 1030226
53 1853354
116 4751930
26 1074755
49 1803470
37 1330982
143 5842634
18 715948
133 5568745
131 5246432
44 2212208
36 1513710
14 611633
31
128 5726093
187 8135270
29 1258637
199 8491211
107 4950706
133 5596582
121 5295264
116 4677995
103 4507253
200 9176958
179 7665558
42 2359831
158 6856394
151 6194465
200 9609671
142 6528312
29 1418526
31 1335623
186 8142128
162 7609218
105 5248494
200 9179308
87 3575835
108 4394374
200 8994174
45 2071311
87 3739519
30 1710984
103 4736411
108 5206525
173 7766302
100
38 1755301
42 1983979
52 2415511
47 2145490
43 1922378
50 2424336
10 521910
43 2040035
51 2351704
28 1279877
27 1231980
48 2171971
34 1390917
28 1283042
44 2061830
46 2256521
31 1387649
50 2491477
10 464280
46 2191785
14 497153
8 397464
12 687766
50 2445712
19 893080
8 405015
14 607979
40 1968053
40 2021882
39 1811381
46 2073623
13 646406
34 1418362
18 891990
14 543936
37 1673096
36 1618716
9 334364
44 2005707
47 2198433
39 1671429
42 1995120
52 2385149
14 653339
54 2507137
15 745737
37 1834583
43 1960058
32 1555365
48 2156864
22 941107
25 1377871
29 1176497
54 2342664
29 1310355
42 2009577
44 1942201
52 2338878
21 1076517
41 1902775
38 1642969
30 1486196
23 990374
41 2005797
35 1781111
26 1211001
43 2005459
46 2256874
54 2404206
29 1278661
52 2399796
50 2333549
22 1053082
26 1252588
53 2508212
6 405789
20 1149904
26 1256319
31 1527732
11 670035
25 1282641
16 726406
5 284519
16 908021
31 1466619
6 407136
11 585317
6 336108
25 1268187
33 1513740
25 1282639
29 1163197
18 729595
54 2485743
11 564121
51 2389052
14 473784
44 1920817
17 885954
10 532818
23
38 350687
105 935805
62 524310
54 510230
117 1025055
92 837780
66 525166
93 855040
54 538348
141 1210515
120 1160962
88 802455
134 1071636
84 733376
140 1205023
172 1555401
44 380689
164 1385475
66 536860
37 388318
67 482631
155 1383717
135 1050715
39
200 5584204
179 4808325
200 5620889
112 3173979
42 1267097
33 734953
200 5716950
21 681253
27 708533
187 5085502
200 5492295
200 5776971
50 1585445
189 4947307
90 2361725
166 4675734
200 5601737
20 620668
132 3602115
91 2439439
103 2940356
39 976250
74 2075053
122 3488802
135 3275229
150 4062970
118 3073087
107 2761928
38 736228
37 882486
75 1784296
60 1912116
200 5884134
180 5340738
28 1000006
164 4594369
143 4066702
200 5670704
114 2705006
62
172 5406073
193 5990790
67 2155928
108 3296727
51 1712945
57 1566333
107 3589281
48 1720347
200 6483510
200 6474758
199 5560641
114 3149667
71 1914117
185 5907784
49 1263958
105 3162327
57 1377800
65 2424955
188 5754323
135 4086458
140 4624605
194 5567558
195 5706623
200 6549106
174 5047479
154 4812333
130 3852804
102 3353228
94 2743313
199 5832620
185 5677498
69 2320622
78 2154579
41 1594915
145 4403934
163 5380781
62 2120591
118 3328769
29 624171
130 3956744
20 648949
145 4835753
50 1487137
89 2646130
53 1406272
99 2824700
99 2775545
47 1298903
69 2252770
145 4281534
68 1849588
122 4225124
163 5164984
22 1035242
139 3821487
27 890471
39 999244
168 4985569
153 4709425
69 2049080
200 6670922
55 1350291
60
16 4235928
29 7230439
11 2621373
12 3056866
28 7180871
28 7388334
15 4391382
12 3359546
27 7306675
30 7536281
26 6518111
29 6847486
32 7958029
22 5744703
14 3119712
13 3665999
15 4108968
5 1381610
19 4761976
28 7105566
30 7905423
24 6567154
8 2160169
16 3824067
29 7060427
9 2254268
15 4112452
7 1570317
13 3295385
32 8163207
32 7605595
23 5456995
22 5296577
14 3273434
4 997100
24 6583661
32 7855930
15 4033429
13 3040163
23 5229047
13 3415458
5 963945
18 5037648
25 6055212
4 1197506
16 4175229
32 8164271
9 2449044
7 1875110
18 4725944
30 7929086
16 4139826
19 4807939
30 7715389
20 5181633
15 3781620
19 4637961
13 3225151
29 6814649
20 5155504
66
160 1219602
186 1284792
84 662406
54 364760
166 1221307
67 549912
141 1045706
164 1224720
160 1187601
36 255838
45 291238
200 1427328
74 489937
200 1414353
51 413551
130 986863
100 720944
53 397904
122 849860
200 1473306
57 395139
164 1267561
155 1057588
70 531606
103 738008
53 286037
174 1268576
56 424019
149 1010879
28 159733
153 1036442
30 156088
141 1019129
101 729354
44 304051
136 959016
60 439263
97 599515
22 269534
176 1206920
170 1186724
200 1453850
149 1084973
106 831215
200 1530238
22 165332
148 1080719
119 834577
155 1082091
119 825892
109 739625
101 730105
185 1304931
54 303305
147 990610
171 1139740
43 366214
200 1500030
159 1084555
89 572256
130 899888
148 1025826
27 149544
135 916951
90 674414
38 207154
93
77 681491
23 180874
78 728886
42 390424
69 642188
51 516573
25 255802
50 513767
36 342850
81 794741
63 597350
60 579163
86 798510
69 605449
35 344303
63 595291
13 142629
39 339133
37 329317
11 115470
29 276336
50 475454
19 204452
20 169041
12 115539
42 397140
72 738427
85 760748
58 542706
72 726653
87 816567
78 721151
68 659616
61 591382
76 745951
45 439928
78 683084
14 77137
56 558728
13 144030
28 293709
23 220091
70 665788
80 768386
46 420412
46 413310
85 805090
70 667017
46 430056
39 308360
34 343553
84 820800
26 285219
24 263086
75 727317
56 595303
64 660900
44 408002
42 427098
81 781179
31 294663
87 816238
52 469085
85 798026
50 451192
38 303892
28 276928
41 412416
46 427602
47 443675
34 362139
28 265008
11 119566
19 186347
86 792258
54 513201
18 187143
64 604559
48 470486
67 672607
30 240295
9 146254
86 784267
26 241359
50 515269
74 680688
23 220523
40 402798
18 194422
32 304681
16 189886
46 401896
50 522657
58
56 1931551
34 1059505
38 1283991
50 1794037
54 2042478
30 1236788
64 2294076
21 814838
32 1120153
16 518260
62 2236210
37 1357418
58 1976007
21 779499
44 1639024
48 1717126
18 646019
54 1918715
37 1479417
9 217567
62 2203987
46 1518977
61 2285404
32 1110141
47 1616803
35 1131001
64 2132178
40 1458402
58 2108106
57 2095297
16 570243
43 1660224
15 460645
8 326845
59 1940497
6 268992
53 1810051
19 743041
62 2165019
40 1451852
50 1880004
11 283439
35 1269784
50 1897461
44 1527607
13 522348
14 539556
40 1420910
35 1213691
19 648232
9 385335
51 1694797
14 534741
40 1277208
8 306038
6 346112
17 480967
22 680954
49
161 5676533
178 6243106
59 1990862
174 6446034
58 2603971
105 3783906
133 5198990
68 2136428
89 2855828
109 3470333
196 6981591
155 5881576
77 2776572
108 3743323
71 2547663
100 3813199
168 5831371
57 2142093
26 691846
67 2529100
165 5546979
200 6737591
138 4877284
176 6197404
157 5501451
156 5744565
99 3675211
106 3824862
74 2019124
200 6827656
93 2679665
106 3800342
190 7027786
106 3418390
61 2004528
34 1119015
91 3119829
20 940760
135 5023064
117 4475639
95 3420914
200 6989609
169 5829724
89 3080428
169 5657694
25 856714
143 4868712
29 1230160
64 2293333
75
46 3374124
21 2108336
97 7489158
22 1869892
91 7779827
44 3580524
44 3271568
47 3468430
86 7185600
15 1341708
96 7757881
34 3186131
53 4173916
15 832819
105 8329949
96 7799457
74 6394197
25 2269108
45 3975910
81 7009103
87 6512716
78 6239071
83 7006214
79 6156646
34 2814612
31 2615755
36 2661084
21 1636236
63 5508309
11 1099497
60 4915264
40 3655511
50 4667683
57 4625818
25 2026774
32 2601896
109 8658446
101 8415163
106 8918216
96 7705928
91 7793133
31 2552394
21 2076504
86 6545735
94 7520662
97 8013748
109 8305917
13 1046770
50 4612828
87 6614013
38 2917872
45 3677559
45 3367146
80 7098929
13 1552429
34 2441536
52 4611129
74 6093470
54 4671822
57 4620341
62 5001555
79 6448800
56 4477623
57 4318194
85 6979128
46 3839062
53 4402360
13 1330801
97 7407311
84 7109004
24 2194453
71 6332521
81 6615660
23 2185618
55 4388003
27
150 1865627
200 2652103
198 2592234
77 890305
36 390689
132 1744680
53 756921
139 1827577
129 1659329
164 2338115
169 2337488
78 998763
175 2160463
162 2315737
69 1018147
38 357475
88 1268536
138 1745023
200 2717196
200 2851769
200 2714055
146 1891452
146 1893375
127 1671792
120 1661628
144 2045323
153 1865774
25
58 1161769
10 165163
9 183023
37 789421
16 365801
65 1255087
35 669599
40 755422
26 593867
45 931917
14 362152
60 1267232
36 834775
46 988642
62 1339242
48 1099934
46 990070
29 598554
53 1088443
41 761040
30 741557
21 420121
59 1129641
11 133252
57 1137423
67
7 4992426
3 2161718
8 5536693
2 1699593
1 959031
10 7078667
8 6016897
10 7264411
6 4360868
2 1977998
2 1970814
10 6988368
4 3074246
7 5153922
2 1609090
7 5320597
1 863386
5 3774038
1 1318895
4 3230077
3 2442700
6 4437494
9 6351687
8 6000695
3 2047719
4 2858812
6 4228216
10 7289681
4 2734796
1 1322545
9 6531073
2 1725464
9 6566317
6 4625571
4 2930871
2 1700735
10 6963730
10 7370818
2 1842999
6 4141671
5 3428540
1 911089
6 4184297
8 5941912
5 3907521
1 1050336
7 5090799
9 6123677
8 5666435
4 3013706
4 2720774
5 3700463
10 6994164
7 4899062
10 6853469
10 7098811
2 1987943
5 3871460
2 1767154
9 6267793
8 5713932
7 5346283
6 4391071
3 2362121
4 3202813
7 5265870
7 5219136
94
46 4634479
50 5347056
15 1946827
27 2811365
26 2868074
54 5147447
15 1616993
36 3666691
23 2246973
30 3242179
46 4608720
39 3537143
7 610930
17 1694429
27 2781974
17 1903137
18 1521430
21 2003880
46 4772551
28 2918315
11 1245029
43 3932889
8 695828
35 3657908
5 834255
44 3934298
10 1391053
50 5261254
48 4560887
35 3737608
22 2014541
16 1616890
22 2210739
51 5091530
48 4478146
29 2700409
21 2246228
30 3367690
51 4941266
47 4832720
39 3865073
50 4972409
42 4397456
13 1312674
35 3611588
33 3227940
5 724623
22 2013028
50 4911143
34 2990060
7 796465
45 4681055
13 1088299
44 4019072
23 2018573
25 2725176
25 2820616
21 2212517
37 3676844
28 2631965
49 4468152
6 977624
30 3255762
25 2457548
48 4608310
33 3148098
36 3556354
53 5194746
14 1332302
48 4885224
23 2083403
15 1734055
37 3444318
17 1843737
48 4458714
30 3135612
18 1620942
18 1802993
39 3909134
22 2021691
11 1186148
9 550197
51 5220223
41 4258341
52 5378489
25 2650897
33 3193242
42 4166821
47 4767566
8 575686
50 5174591
49 4485859
20 2146205
51 5322412
65
122 6469462
113 6062141
101 5019419
98 5221177
93 4430299
49 3024787
39 2329347
67 3530505
27 1692432
105 4993782
84 4409284
127 6371608
121 6645604
68 3518965
114 5712226
54 2784071
55 2814408
18 1097056
113 5551973
88 4358700
114 5654956
87 4641193
84 4814465
80 4096103
73 3684286
39 2149356
32 1531499
23 1014596
103 5057998
65 3293799
119 5914920
51 2840442
65 3075229
128 6300485
105 4970528
55 2795028
50 2878536
82 4031736
74 4016494
32 1353198
108 6094398
128 6221562
53 2706331
86 4535795
125 6669632
131 6626111
44 2008841
23 715290
66 3650709
20 1139311
118 5740223
109 6114596
121 6604459
95 4747301
46 2332522
119 5604119
73 4019741
55 2796602
81 4220279
79 4049536
105 5184843
70 3170900
68 3372716
16 943930
130 6400330
48
196 7313684
87 2891841
82 3001273
110 4337967
103 3962539
120 4553129
96 4013072
124 4435350
129 5462274
117 4722628
189 7742615
57 2443761
141 5743203
43 1632626
145 5875166
84 3612664
120 5021055
156 6357441
197 7425948
142 5427880
100 3699367
179 6765495
153 5920291
196 7360021
67 2682226
104 3653359
26 1031107
88 3387762
89 3371920
193 7279533
86 3355487
157 6065404
128 5446010
150 5922176
105 3748435
169 7206113
164 7085565
41 1727819
95 3623176
153 6024142
77 3560844
22 743075
196 7262723
167 7213426
35 809531
51 1531056
119 4499657
55 2268074
20
69 488677
155 949441
31 196291
56 329699
159 1024397
146 929674
29 110635
80 614358
133 886531
128 858759
54 374477
80 568130
143 914553
25 143742
71 503074
100 692516
115 801553
142 887190
46 212476
143 903340
54
4 1454846
21 6440107
4 1685539
10 3485242
20 6549538
11 3272482
14 4704558
13 3974130
19 5512246
4 1215935
16 5119923
15 4784424
9 2661571
14 4389076
5 1404666
21 6376303
11 3386718
21 6181798
13 4156700
9 2921742
4 1609543
8 2924211
5 1378285
16 5104051
14 4748343
16 4858555
12 3963976
15 4316099
15 4272782
15 4594419
5 1598925
9 2899343
7 1937179
2 828819
16 5349684
21 6148099
20 6006483
19 5826730
12 3957216
3 657282
7 2349985
2 904856
10 3353695
6 1983867
2 1005709
18 5876588
6 2334727
6 1888404
15 4278928
5 1350661
20 6109871
7 2269093
16 5022243
20 6285075
47
118 9821613
14 1149616
17 1173030
63 4827533
103 8588276
90 8038045
59 5527325
71 5787060
63 4750772
105 8597195
63 4914027
70 6228424
90 8351362
46 4523217
34 3067906
57 4937123
114 9866874
20 1476661
79 7056681
16 951857
40 3679853
67 5681653
110 9452101
69 5908253
106 8501498
74 6444973
72 5799701
100 9370078
34 3475694
33 3397971
37 3075823
81 6618320
13 1283894
16 1290912
64 5637551
84 7335657
45 4685248
36 3173926
88 7897044
46 4099809
21 1833785
92 8256218
114 9597375
12 1880828
79 7520454
97 8269993
92 7934263
94
18 5668257
19 5727628
31 9138778
31 8901681
9 2716590
5 1289610
28 8392843
3 1457966
25 7236061
22 6334657
23 6504218
14 3558446
24 7739775
15 4410983
23 6334871
25 7330050
30 8903948
28 7804817
14 3931175
6 1922343
31 8881598
32 9421367
22 6634346
30 8838166
27 8302490
10 3323772
19 5236176
22 6730824
29 7786980
7 2508869
11 3071027
7 1901244
4 1203302
10 3086902
13 4021318
3 1483071
23 6216384
7 2413955
9 2925534
11 3025162
3 1713311
3 974532
26 7348071
32 8733543
7 2280515
20 5665159
32 8728237
32 9132210
14 4230708
18 5679670
32 9422530
3 1618581
5 949130
9 3101744
9 3039539
23 6393993
17 4382100
18 5484373
23 6222527
13 3904757
14 3471884
19 5576935
15 5067026
10 3022497
14 3832974
24 7329818
3 877624
15 4896815
27 7977651
28 8597378
25 7015219
29 8256879
24 7623638
4 1528315
32 8742341
28 8353815
20 5765756
32 9431992
22 6301899
12 3951400
6 2119839
22 6080526
18 5188289
29 8539339
23 6801674
8 2292218
12 3813606
18 5224916
10 2774282
20 5518646
21 6263612
24 7327326
10 2808068
5 1632309
63
75 4064698
96 4724157
113 6142656
30 1534984
141 7520612
142 6869585
113 5768975
58 3284992
18 1085861
126 6612140
90 4756240
71 3513587
103 5390403
152 7177728
66 3365808
129 6826065
110 5222335
90 4140056
138 6455274
123 6067351
74 3447612
143 7552889
82 4112460
42 2647165
20 765939
91 4302048
52 2427272
122 5529812
136 6203458
34 1879612
24 1266631
20 815538
44 2279346
114 5808977
78 3518800
69 3195517
74 3975559
57 3404317
100 5340463
32 2045722
129 6418930
65 3423411
17 904057
81 4022264
136 6527050
62 3269282
14 1014164
25 1155220
126 6247353
26 1275321
22 1010915
140 7192515
148 6912474
74 3824081
90 4716705
45 2307894
65 2777088
95 4562975
30 1570604
53 2438862
98 4845649
139 6227637
26 1138201
81
15 2473075
6 1281891
13 2373582
7 1384008
11 2113069
20 3557323
17 2875955
17 2978164
9 1432536
2 562813
10 1774877
6 1291461
5 956349
16 2901452
14 2680259
14 2726692
9 1752040
16 3112524
6 1094250
6 1379844
12 2387009
17 3152708
6 1238689
15 2798273
21 3805875
21 3873760
15 2478069
2 562537
3 412099
4 854282
10 2019382
10 2032874
21 3621557
18 3472649
3 363648
2 619708
8 1730532
6 1309514
21 3765071
16 2918803
16 2964691
15 2582308
10 1866167
7 1203192
14 2653868
21 3759164
14 2562033
19 3321007
11 2030822
13 2435935
18 3257424
18 3190812
10 1799646
10 2091289
16 2975668
19 3424446
14 2761864
6 1066241
16 3014475
15 2539090
20 3804669
15 2525456
12 2306460
9 1733349
13 2290760
11 1775079
18 3271258
5 842838
17 2971609
8 1668216
17 2879480
5 882352
11 1841787
9 1638964
21 3797085
4 902406
20 3692876
10 1886107
11 1912933
21 3845710
14 2664849
89
133 6361061
42 2152590
21 1319523
95 3936628
171 7568057
141 5980211
160 7457437
88 3917832
137 5807313
48 2697019
16 1210932
125 5519078
111 4779013
94 3965722
83 3917346
33 1885309
116 5669764
170 7530517
140 5995068
108 4697548
101 4699581
111 4814788
78 3536548
27 990042
37 1469788
139 5952664
86 3809456
49 2188082
122 5116691
77 2877472
72 3369823
137 5818834
41 1579350
157 6494197
61 2684159
174 7204906
85 3930663
118 5056573
117 5277640
156 6669334
19 769726
122 5603537
100 4549333
73 3521136
142 5876974
16 1294420
39 1995769
119 5531457
171 7520281
70 2970879
85 4272345
127 5601594
124 5194269
40 1667419
84 3938001
31 1374413
65 2878433
59 2769537
48 2269765
162 7319500
126 5161961
51 2668648
71 3318364
27 786290
62 2585630
78 3591699
171 7461336
23 1049983
103 4969127
165 7314208
99 4982034
127 5619337
93 3682564
61 2218973
154 6993323
168 7755386
58 2386221
130 6305088
99 4775769
26 1056625
115 5468770
103 4971151
123 5575099
104 4846064
63 2700250
73 3031959
70 3338061
167 7873329
74 3297631
86
100 1160614
116 1342988
58 857546
23 344944
127 1522760
200 2300714
193 2368777
101 1263432
62 699001
66 703880
137 1670070
48 626715
194 2320562
59 774219
45 558384
112 1131963
200 2360421
61 733043
58 871315
126 1479873
61 717288
173 2032228
144 1588871
124 1533775
148 1584973
174 2056414
138 1735836
116 1316463
60 855385
173 2148934
177 2177767
106 1218831
143 1536537
37 346509
200 2293870
156 1836744
44 607979
77 938379
136 1591706
103 1115002
82 916134
118 1361220
62 762466
119 1376866
193 2291697
87 895849
127 1413892
78 892464
80 965422
29 371605
128 1464979
36 252825
106 1261542
70 826441
70 693360
60 714862
177 2115442
125 1344456
179 2041992
92 908671
193 2218281
155 1912705
65 669116
198 2321146
41 499429
146 1723582
117 1522534
50 569612
158 1812775
87 975363
188 2119736
154 1946151
180 2118459
196 2234309
78 914479
124 1530992
93 1039388
30 362026
91 1067263
44 507176
174 2138897
171 2001537
53 624787
182 2159603
25 275095
77 985965
42
3 1265925
2 1451358
21 8044564
17 6637275
4 1982926
15 5429526
19 6957196
19 7390854
6 3055751
16 6694068
21 8167451
9 3608555
3 1165200
6 2856191
4 1997957
2 1210752
4 2054986
13 5004312
12 4610370
16 6791182
3 850058
8 3579083
8 3253344
20 8357980
15 5998091
11 3945363
6 2304099
11 3946803
20 7756193
19 7575598
2 1026883
2 1147753
20 8297284
14 5606552
15 6040722
17 6738281
16 6765600
10 4179441
7 2549272
10 3856124
16 6754268
11 4400394
44
33 4156620
13 1951007
27 3228425
15 1718278
27 3232991
15 1925738
12 1778988
20 2844658
21 2811832
8 1116420
20 3029969
9 1378341
43 5152419
40 5417301
35 4429521
6 675112
20 2963632
42 5265821
15 1652402
20 2782721
8 1478543
6 758250
24 3130971
26 3526649
30 4015413
25 3212361
9 1412834
6 908270
13 1981981
25 3071939
31 3803542
11 1031689
23 2769103
42 5592269
6 761352
23 3014047
33 4455564
34 4366458
43 5444039
21 2644553
15 1931371
4 994138
5 578601
17 2159195
53
40 5234990
57 6764861
40 5271484
65 7533833
31 2837023
16 2738480
30 2887793
81 9377487
65 7951845
11 1529961
49 5733893
62 6723189
58 7016946
51 6239773
56 6921664
39 4479006
52 6372535
70 7588350
11 929781
76 9167852
65 7963892
38 4434299
66 8297643
14 988187
76 9169059
66 7494434
46 5534385
22 1977949
14 1196648
43 4725103
25 3038120
50 5808460
75 9061094
20 1937707
25 3225248
23 2294206
58 7315745
28 3381417
8 1742387
13 1436739
41 4900941
15 1301708
9 1060839
55 5760377
19 2233526
19 2313603
87 9862422
19 1987008
71 7500343
67 8027516
75 9100149
57 7158522
43 4958173
43
73 7486259
47 4969429
17 1592032
36 4052008
72 7530643
18 1601890
12 1069885
36 3687206
16 1821615
16 2127111
75 7806863
25 2286826
18 1625814
68 7047824
73 7813145
61 6569583
42 4707277
44 4995049
65 6793097
13 1081337
40 3932674
44 4865660
25 2920737
56 6038359
22 2287009
10 893433
48 4527426
53 5713758
16 1991573
38 3917399
8 979253
35 4008247
13 869009
60 5977709
60 6330074
44 5101064
76 7782279
38 3933321
62 6145821
25 2394097
46 4776901
67 6946836
15 1684942
41
19 2060351
34 4333406
41 5386524
29 3304592
46 5762821
5 749430
42 5509865
49 5952102
28 3454950
36 4580206
7 981478
14 1260323
8 680467
8 841887
33 3793041
15 2171142
22 2598639
29 3558011
50 6690576
36 4541500
24 3129980
23 2981326
19 2116503
43 5289560
41 5570568
39 4842236
41 5273518
23 2810347
38 4556552
31 3923417
44 5394364
36 4969055
22 2717115
47 6052546
33 4124756
36 4901382
8 1067238
5 860375
11 1550193
32 4221538
8 1229385
26
144 1049920
139 944941
75 531058
94 643031
62 443505
142 973196
14 168670
45 317689
67 444671
135 915995
139 912664
107 729924
145 1055943
50 343030
102 688067
31 288072
95 597432
134 876397
34 247890
74 486427
30 234098
145 997868
109 717956
22 177553
95 604163
79 518166
48
75 6650232
13 641444
29 2781625
53 4688955
57 5410794
35 3264481
56 5156026
30 2490038
52 4689892
49 4360056
38 3247010
39 3137612
33 2905951
17 1646093
27 2419138
64 5922004
12 688110
65 5750980
23 2275447
22 2126434
46 3827161
24 2175445
29 2955390
59 5454620
17 1306026
76 6299384
61 5109546
20 1594746
17 1434279
60 5142736
45 3712244
38 3365679
25 2308273
29 2719444
60 5228425
55 4335345
73 6499632
27 2305041
45 3817352
16 1343211
34 2650503
67 6064065
29 2796476
75 6740435
58 5238278
30 3038342
32 2504831
53 4725319
42
124 904339
101 737706
184 1533873
103 831917
22 194631
27 260061
118 911278
40 369866
144 1152981
173 1300325
122 977486
19 216192
28 231316
23 259285
81 648743
51 378552
82 620738
137 1007621
178 1358487
87 658535
23 234190
195 1488114
109 889770
18 254010
50 291464
111 855498
195 1423896
74 666309
180 1521811
170 1322458
115 938539
177 1327468
27 150361
182 1528524
81 649642
69 498849
24 171846
66 457814
165 1278929
18 237538
44 393067
18 161450
93
177 6441850
103 3890492
165 5921125
61 2123383
185 6542320
77 2869950
164 5704887
20 1235184
170 6378688
65 2306118
148 5507772
19 774244
30 818768
93 3348673
172 6901636
111 4156395
122 4542228
161 6225007
138 5358415
152 5313656
29 680612
72 2924869
120 5017515
159 5972998
168 6087155
74 2867708
139 5316490
24 916739
17 720687
129 4454595
106 4131554
34 1759714
30 928744
62 2005453
102 3902319
29 1033227
106 4034320
107 4299677
176 6326609
155 6273869
28 908748
137 5479180
174 6835816
81 2705894
90 3296764
75 2780120
112 3927991
149 5262951
86 3611357
79 2813560
127 4730474
174 6715038
60 2436436
35 1759352
173 6311350
74 2858898
87 3583995
111 4145712
147 5244266
134 4947119
93 3532921
183 6883452
142 5328258
169 6132514
22 999244
122 4571778
138 5583860
163 6122716
123 4945188
45 1683417
53 2307850
145 5338775
18 941904
88 3476538
182 6472930
171 6754573
35 1624062
141 5124702
171 6708734
177 6395233
124 4971567
53 2287532
83 2541521
111 4127593
129 4820455
178 6844109
88 3710888
52 1991578
113 4173499
79 2894421
170 6763179
36 1702483
181 6609922
72
23 1921102
58 5452615
18 2015548
52 4882785
88 8319693
66 6467237
90 8899976
21 2459777
52 4326756
55 5511296
71 6685730
61 5671298
75 7195343
22 2327484
55 5797106
34 3144733
32 2562259
79 7077873
41 3971794
87 8015789
77 7180762
56 5877284
94 8706219
56 5212457
83 8023899
73 6983074
17 1017982
48 4460786
64 6315745
9 1092969
53 4945923
14 993475
19 1852645
78 7461971
89 7998268
74 7169746
34 2925118
94 8636724
80 7433750
15 1270876
53 4264768
63 6015280
86 7822372
74 7352109
12 1066497
79 7000015
94 8736177
11 1056364
62 5120083
42 3508711
56 5161412
52 4826307
20 2370565
55 5737320
84 7659096
52 4970566
32 2639790
16 1672474
73 7357669
67 6288845
51 4656007
13 1573496
15 1108717
30 2837907
49 4658817
37 4146348
54 5865372
46 4341315
39 3829458
77 6818988
94 8781644
39 3838866
41
42 1065426
22 740479
78 2248496
30 900489
63 1776138
81 2339290
27 963861
65 1818129
66 1790075
82 2319374
44 1224924
57 1600869
87 2403715
47 1505793
24 709423
27 939153
74 2153387
80 2081577
14 414713
60 1646267
68 1905818
44 1163456
56 1555652
72 2154099
38 1104496
9 470486
21 653193
98 2537004
82 2326407
50 1268644
39 1124292
32 929236
90 2745772
11 497916
29 963789
25 602460
76 2230152
72 2141341
74 2031596
71 1984730
71 1860576
20
54 4210475
24 2079086
21 1545572
38 3024087
29 1863353
9 814239
64 4570861
48 3601486
53 3803702
32 2547203
18 1327147
22 1393354
60 4653796
30 2323618
46 3114102
60 4412409
8 758632
14 1103598
47 3229113
45 3415518
37
135 2985130
161 3311165
16 634562
163 3324242
68 1380654
37 796016
105 2368284
106 2233390
136 3046377
94 1972931
162 3173669
135 3049464
70 1292917
19 625228
134 2830650
81 1791940
95 1987026
149 2922891
34 936045
22 362541
108 2246699
89 1898387
127 2766796
87 1789286
46 1196660
32 946341
88 1591462
65 1413471
42 802695
122 2710360
132 2569812
106 2263370
60 1304273
86 1681950
31 775481
117 2284374
67 1337699
96
44 1858686
125 6522832
71 3227741
67 3459018
62 3114018
127 6320877
114 5535936
39 2143391
34 1794812
93 4596014
95 4515724
101 5393085
57 2790383
19 900628
95 4819432
45 2402735
42 1932002
79 4019607
58 2790568
85 4548184
95 4805388
121 6570765
83 4075354
106 5033056
18 640745
90 4587707
109 5958590
105 4923767
17 680238
41 1923671
59 2764947
32 1802305
116 6015040
60 3637024
45 2098552
128 6591230
29 1795604
126 6465106
82 4111758
60 3614169
87 4328093
18 881344
22 656815
96 5327439
99 5312118
95 4712958
53 2756003
112 6020481
100 5157950
93 4460511
70 3340262
64 3535381
50 2700343
105 5154890
82 3803319
41 2081477
101 5123501
26 1230640
40 2063156
98 5474668
37 2323967
110 5729217
113 5949386
124 6216199
78 3952809
56 2496805
62 3317293
108 6001983
107 5047673
59 3044659
87 4294779
44 2212479
116 5934680
115 5707179
16 916087
89 4696785
124 6556122
107 5276934
15 1016606
33 1277174
117 5772552
52 3016952
84 4746205
104 5413586
98 5026036
42 1935475
32 1737253
101 4948360
72 4114221
69 3490293
48 2486819
83 3683179
109 5921268
34 1556625
118 6052833
77 4025198
34
113 2695944
79 1799666
73 1495412
87 1941107
35 919152
55 1459795
120 2516786
58 1458877
34 880336
106 2365267
86 1884319
34 839852
111 2568066
97 1997610
16 300082
64 1433494
23 629448
113 2534044
28 659833
53 1046535
11 411220
28 532101
78 1743705
117 2642679
41 908578
116 2711616
74 1658720
84 1959823
104 2392521
51 1036923
67 1712975
47 1029088
87 1783535
20 354041
35
7 270472
18 897181
3 199301
16 692609
29 1191460
5 195235
20 845472
8 386147
25 1073038
3 209483
26 1136115
9 402511
6 339551
10 392091
24 1101866
21 977292
15 724731
3 253705
12 600647
7 276548
7 372627
25 1042319
11 475039
28 1257972
13 610036
8 296041
32 1413733
32 1403877
31 1366246
30 1362985
27 1175200
14 553578
13 636296
14 605993
16 670710
83
63 1085975
52 738289
15 191391
42 662530
71 1006785
59 943292
76 1213124
60 931701
23 330941
41 629739
78 1176549
21 411301
69 1043076
47 723700
9 144555
98 1516158
25 301420
18 380738
77 1217231
78 1159503
48 697371
18 341214
45 762555
81 1359517
74 1244514
64 1091253
31 524443
46 827273
92 1459540
80 1238802
10 246979
27 551652
40 574807
63 1087993
63 1071562
48 715465
89 1296235
18 288736
40 652355
56 952655
50 820561
33 456684
70 1056557
95 1414954
70 1008392
57 924193
49 784472
43 656554
83 1271653
46 713808
50 802154
56 904524
46 701047
36 624676
90 1495967
60 897017
18 308813
10 208355
12 166765
61 950104
14 193762
52 693993
86 1295073
30 463060
60 949627
88 1318499
29 443347
68 1043674
53 739025
17 229753
59 903478
58 862563
71 1028594
32 505607
91 1489302
89 1347370
73 1152508
61 926978
41 593659
20 330197
68 984281
15 183943
18 316401
93
42 650024
105 1184052
89 1143875
139 1672395
66 709905
136 1665689
55 563746
81 952726
45 516229
33 358862
16 264576
20 311464
142 1807877
135 1552827
132 1528607
40 434626
90 1164195
14 269823
51 620438
56 773284
137 1610372
15 210256
141 1811918
95 1034048
45 597758
33 380314
139 1637585
15 182391
59 747222
60 690737
124 1339570
81 844882
16 259668
82 956957
122 1494810
34 467254
104 1271103
43 611098
21 228524
147 1810678
54 576486
56 740609
112 1379360
102 1292312
35 442101
21 200259
102 1277762
15 213278
49 514639
21 285135
116 1467477
98 1329801
19 319523
79 856412
24 239919
77 953909
98 1191108
27 207354
84 1031270
68 722124
85 1127300
39 375294
60 706290
117 1440349
30 389701
134 1518521
141 1747483
49 559022
75 863903
47 538509
14 245471
78 974383
54 542513
50 612310
119 1362564
72 994296
93 1004631
76 908573
86 1005792
143 1837466
144 1791096
69 720224
146 1737080
37 424340
83 921739
74 975803
88 1090102
63 754757
60 738101
68 738405
74 860085
27 332258
100 1199165
30
18 6959708
136 7369169
172 506420
30 4246006
67 6496488
16 6252403
148 9063481
190 1679334
192 6891197
179 4522338
122 5407538
115 4028810
125 5110873
15 2837251
64 4700898
39 4169447
29 3329269
86 5219838
57 5923854
163 2337180
107 3752192
18 6389683
61 81810
125 9563052
132 5478471
157 4169307
165 4737939
115 6820585
24 6957621
82 5043644
30
55 2122646
173 1641423
40 7986032
91 1189742
49 3621450
198 9376733
194 5837160
19 8850971
81 6082131
133 1844810
176 5153389
119 4670554
153 4200395
9 6768513
6 7234611
181 5696480
98 1088457
127 3169345
57 9436560
110 6385278
26 6855672
171 9492691
120 2082538
30 9909601
102 6905809
90 6700635
135 6581055
123 2362359
53 8467193
171 6166474
23
95 4373786
123 2257454
169 9360195
105 5911439
167 6252685
115 265092
25 4668078
139 6829805
142 352790
180 6126594
47 1298871
73 4285340
86 4524506
184 1233620
80 678322
174 9198905
126 2867142
64 309492
149 8770835
185 3026163
166 6426337
70 9628210
135 4203082
93
185 7129580
162 188839
28 4906986
87 7734237
200 6249554
135 631864
101 77866
33 2200747
164 5606384
187 348516
192 9084878
173 3715850
17 1350276
103 752555
65 6766302
105 4974073
171 8437222
183 881182
5 1532523
27 1050758
93 7429452
179 1075234
143 4649952
111 746070
131 379307
31 1896384
97 9160951
48 9934032
144 1675452
151 6694312
167 2614981
137 9264618
18 9302041
82 1282116
166 615794
30 8889868
105 8229506
1 4615289
42 9390344
11 394657
192 8326592
117 163705
110 2118119
177 3410749
4 6924197
42 9319621
61 7458515
8 3459049
144 1588270
4 9909695
22 3707051
85 9994762
113 5175621
172 4470763
141 7378870
153 1064688
78 5462311
70 4859335
77 5715100
179 2802171
160 9494367
170 2259008
154 4668398
60 5795816
176 3702637
84 5667669
59 9436386
165 2873915
38 6390151
186 5706696
174 6171295
62 9001285
62 2901881
122 7779327
44 8721329
197 2915669
198 8622507
30 7023097
188 6820634
152 3835515
116 2223679
156 6188652
4 8036229
65 2516344
107 3822934
198 4978173
59 1798040
189 5355458
140 9335022
42 6354455
131 9451876
129 4764468
162 9298153
32
7 1614300
147 3126092
28 2924953
68 4580358
47 9946078
57 8674365
25 6276482
98 9942210
19 5408951
198 4258812
119 8339635
42 6107154
116 4632589
157 4064818
63 8769275
64 6640456
20 5818821
170 1842871
156 1771108
119 3836719
22 949730
33 1185773
180 9301413
159 4275255
121 6928137
28 892088
2 1334705
137 9299257
131 2174756
111 2720154
104 167151
185 9671907
67
170 8461544
104 5450937
68 730171
150 3680182
78 7296521
174 4830042
180 6519067
190 6462372
162 301216
198 7846203
85 3077885
89 7564075
84 3445581
9 1681764
167 2004406
65 2309032
48 2320531
32 9940032
63 1260383
134 2732657
115 1982878
167 5535417
104 9815661
29 6718225
173 4436403
70 78085
91 8460141
119 8910997
194 2547894
17 8432891
3 1570780
37 3477884
101 8333781
89 3213345
160 9024549
200 3592526
129 6512467
90 8442181
53 10677
62 6463691
101 8581104
11 8566981
71 6705337
166 5660734
76 3950324
45 4971630
148 4260088
165 3374959
78 4725723
195 5760765
62 7372108
18 4836914
102 6460443
169 7588293
67 2098874
61 359454
128 2356369
80 5176174
42 3759666
118 9704925
198 8903691
133 5618901
115 1584993
56 9937308
16 8731503
42 9743126
163 3597106
50
155 9256228
170 7353889
182 8108711
46 4397689
181 3949264
187 5384911
70 2032134
140 7968142
118 9519371
177 9086897
58 7859626
96 6967847
147 1836111
142 3578754
168 7756804
67 7517488
132 4319678
192 724942
64 3631798
196 3907596
55 870524
37 6027240
189 5297339
129 1991575
140 5759525
171 5508472
115 8347441
53 4495050
72 2755181
197 4181295
185 6909768
18 991227
32 1614935
9 5836313
11 5792707
150 2075967
188 7835790
189 2933005
12 7684395
34 6783215
173 7797728
160 3194691
55 9706900
134 7835205
147 5850842
197 7688834
161 1366792
49 666786
111 7261949
146 3659893
30
23 6043835
122 8094779
12 7202415
12 3204251
29 1813659
162 1431590
110 3156334
164 193398
194 1980775
147 9122459
198 6994211
174 9386500
75 5512987
124 2059701
115 1964843
146 1971528
160 7055954
52 6674012
120 4615236
58 6936128
26 9785336
196 7780142
57 4187667
66 8803365
163 3220890
163 5079049
187 5031428
33 9901119
118 664283
38 7606966
30
157 5330701
162 5017831
159 1445793
192 4689456
141 8622499
151 9111061
40 6465134
77 8352364
142 2051351
197 9563773
69 827403
77 2175852
35 8548004
100 6320225
55 4290412
68 4058688
26 9854844
66 5241642
196 6206715
143 4733529
173 8415058
41 4261961
55 4774644
8 8206336
61 8552577
96 8839095
147 4593758
139 8880608
58 1224538
179 2174361
81
121 1175830
120 1456461
124 8917631
179 2417746
136 1882598
199 1213996
118 6704016
189 1210861
71 6350237
50 2558044
82 2597466
155 4033779
115 1799401
84 9278460
177 8821939
193 1040363
32 2001725
18 6451774
135 6209542
174 7371717
73 1909591
78 8591323
69 5760356
6 4737189
166 654690
118 9627955
190 6756792
154 8235726
22 1188787
184 1792903
42 8538133
134 9011370
92 13362
116 354254
175 7848366
55 4778998
191 3198038
37 1580468
87 8104418
63 2563338
106 2164941
77 5641778
195 2116593
190 6610631
27 7904823
116 6539591
46 1019343
30 4555930
183 4686349
69 2840277
165 9919379
138 6389037
139 4422435
93 4689815
154 3263884
45 5377966
63 1594183
176 7636030
57 6121841
74 8827320
163 2993284
161 7734316
162 1732787
133 3105631
116 3403656
142 8430665
13 2974449
21 9552344
120 1277726
86 5325953
157 2510088
27 769348
6 2813272
135 483807
124 5797061
172 1467805
26 4188877
144 1641027
173 9474616
71 3192763
173 9628410
