0
0
4999999
4999999
4999999
3767
744999949
744999900
25749081
52289728
17351447
287499456
1892028
115822533
248770281
15972222
114470804
263210865
78355904
212670031
233775805
170159567
75427538
179185565
8365099
279746625
89177648
51419068
11054543
339644202
210607457
51915031
195240186
183379920
45828541
6698690
206236585
117311367
52014268
86241692
65089586
82998875
247678874
29765476
100531915
52458227
217364458
131005731
112562948
14814374
97258026
164521295
223093560
41175280
33016302
56484972
149435095
275050891
36695303
15125382
210436842
221931353
202722871
167373584
9456970
150897915
199818569
377972707
194868141
140960453
289212075
86359148
146212656
92359833
207131433
137594873
111167909
12085482
133368941
23948745
290311749
275458788
48008828
41015199
54054003
282943110
39959569
19405245
51162270
63292746
133692534
150747650
90514621
429772650
142911452
312482033
231717549
144097922
153206831
337242212
