100
1
1 1
1
100 1
1
1 100
1
100 100
1
99 99
20
20 20
1 1
2 2
3 3
4 4
5 5
6 6
7 7
8 8
9 9
10 10
11 11
12 12
13 13
14 14
15 15
16 16
17 17
18 18
19 19
20
100 100
100 100
100 100
100 100
100 100
100 100
100 100
100 100
100 100
100 100
100 100
100 100
100 100
100 100
100 100
100 100
100 100
100 100
100 100
100 100
20
99 99
99 99
99 99
99 99
99 99
99 99
99 99
99 99
99 99
99 99
99 99
99 99
99 99
99 99
99 99
99 99
99 99
99 99
99 99
99 99
12
14 37
8 18
22 58
23 60
6 23
26 67
19 51
23 59
31 83
32 82
6 17
10 29
12
25 8
17 5
18 6
18 6
28 9
18 6
24 8
25 8
10 3
32 10
4 1
20 6
10
47 23
48 22
37 17
84 37
94 43
95 40
27 13
30 14
58 24
14 7
19
51 100
46 94
46 91
42 88
39 72
32 64
32 65
41 85
5 10
5 16
9 17
30 67
54 100
53 100
6 10
29 59
44 81
49 96
26 51
10
51 10
32 6
5 1
32 6
43 8
5 1
40 8
15 3
42 8
40 8
5
26 80
28 86
25 75
20 61
18 55
12
2 4
7 9
4 8
14 23
8 14
6 11
3 4
15 22
18 27
14 22
18 28
11 15
10
4 7
30 52
22 35
27 46
31 54
13 23
15 28
8 14
31 53
19 34
17
12 6
24 14
5 5
52 32
5 3
16 11
25 15
41 25
31 18
41 25
46 28
38 21
26 16
25 17
5 4
38 21
31 19
19
17 3
46 9
34 6
39 7
41 8
28 5
51 10
35 7
17 3
42 8
51 10
19 3
33 6
14 2
8 1
10 2
7 1
15 3
32 6
11
20 27
6 9
47 52
61 75
45 49
16 20
13 17
7 8
39 42
29 32
30 40
10
59 57
56 54
17 14
18 23
10 7
59 58
20 23
35 31
35 33
8 10
14
52 45
40 36
68 59
82 75
79 69
42 40
59 53
77 66
43 35
9 10
69 60
9 10
74 67
11 11
9
4 4
8 8
8 8
2 2
3 3
2 2
8 8
8 8
3 3
11
37 10
24 7
29 9
76 21
63 19
26 7
71 21
26 7
21 6
36 11
66 18
6
60 6
36 4
75 8
85 9
44 4
82 9
3
49 79
21 36
36 56
15
3 9
19 55
14 47
19 57
10 34
13 41
2 8
7 18
10 35
12 39
9 26
15 42
3 8
21 60
13 40
12
10 12
60 80
26 39
33 40
25 35
44 59
25 34
48 70
44 58
8 9
46 62
56 77
7
18 20
8 11
76 95
49 65
73 90
25 36
61 71
4
5 27
3 19
2 14
2 10
12
82 52
81 50
15 5
41 27
59 35
16 10
51 31
45 26
42 26
76 45
26 15
76 47
10
3 2
10 11
3 3
17 16
17 16
3 3
9 8
16 17
7 6
6 6
19
60 65
30 38
39 43
42 48
22 29
14 21
48 53
58 65
67 77
22 31
55 60
12 14
51 62
65 75
44 53
75 82
42 54
54 58
64 76
18
64 8
66 8
58 7
32 4
50 6
10 1
24 3
36 4
35 4
43 5
14 1
40 5
67 8
42 5
65 8
80 10
24 3
71 8
2
97 30
52 17
8
3 3
27 29
23 21
10 11
22 21
21 21
24 24
20 19
7
73 36
36 17
74 39
40 20
27 15
14 4
47 20
20
34 44
51 73
17 21
39 55
45 64
6 10
44 60
31 43
39 53
42 59
41 59
16 23
26 39
12 16
43 61
15 25
12 19
40 57
50 75
6 9
4
13 3
15 3
15 3
5 1
9
34 16
33 17
35 17
15 6
24 13
5 2
31 14
27 13
15 6
11
47 85
19 29
23 44
42 77
9 13
32 60
31 55
8 9
50 90
14 24
33 58
3
29 13
54 34
16 7
8
3 1
16 8
13 6
20 10
5 2
4 2
9 4
13 6
17
5 28
16 89
2 19
20 100
10 56
13 64
8 43
10 56
3 19
9 46
17 85
21 100
20 100
2 13
3 18
17 88
15 78
4
9 37
6 25
1 4
4 17
11
18 63
2 13
8 29
2 9
16 58
4 20
10 37
8 30
14 51
5 20
13 42
17
30 18
15 6
56 37
31 21
43 25
18 12
95 65
41 27
53 34
74 52
46 31
79 53
15 7
46 31
31 21
93 61
86 59
17
5 42
5 47
2 22
6 55
10 83
4 35
6 50
4 37
3 27
7 60
10 81
3 27
8 69
5 41
2 21
5 42
5 40
2
20 84
4 22
13
1 4
9 36
5 22
8 35
10 41
6 27
10 43
7 28
10 43
6 27
4 16
10 42
5 20
2
99 59
38 23
3
84 32
41 17
64 24
19
14 7
13 9
27 14
16 8
51 29
31 18
40 23
79 38
91 48
89 42
21 14
40 21
87 40
14 9
68 31
56 26
55 27
85 42
77 35
20
65 40
71 45
25 15
17 6
93 57
58 34
10 8
49 29
53 35
40 29
21 15
12 8
18 9
85 48
66 41
74 47
19 10
26 16
51 31
71 43
1
79 44
19
92 32
23 8
81 29
23 8
23 7
90 31
53 17
37 14
93 31
49 15
50 17
58 20
28 10
66 21
76 26
44 13
91 30
73 24
87 29
12
99 19
100 21
61 13
98 19
35 7
17 2
85 16
91 19
74 14
63 13
74 15
35 7
4
71 100
26 39
23 39
63 95
15
18 29
18 28
4 6
20 30
10 15
11 15
16 25
16 25
11 15
21 31
6 10
8 14
4 7
18 29
11 16
4
60 6
40 4
20 2
53 5
18
38 22
45 27
9 8
51 29
33 18
29 19
93 51
36 21
74 44
45 25
55 31
47 27
90 51
9 6
43 22
26 14
34 18
91 54
11
32 35
60 76
57 69
15 20
52 61
58 69
45 51
60 70
15 20
48 58
62 70
7
33 28
18 13
23 21
66 58
77 63
68 57
10 11
20
9 57
3 21
1 8
4 25
1 6
2 13
1 10
4 27
10 64
2 13
2 15
2 14
8 48
8 53
8 53
2 13
5 33
10 65
9 56
10 64
3
14 10
40 32
29 22
12
19 28
64 83
9 13
47 58
17 17
52 68
19 27
57 76
22 29
55 78
6 10
41 55
18
7 11
14 35
34 87
10 23
6 18
39 96
31 79
34 85
27 60
28 77
36 91
34 89
36 91
9 23
21 57
8 21
10 24
8 28
2
27 20
10 11
14
2 9
17 61
17 58
14 55
14 52
3 9
16 56
11 40
12 48
21 71
4 19
18 65
20 71
12 47
7
24 34
18 30
11 8
11 14
16 19
34 40
46 63
20
24 6
36 9
35 8
42 10
20 5
41 10
5 1
13 3
15 3
36 9
31 7
30 7
37 9
33 8
38 9
18 4
16 4
32 8
12 3
35 8
1
46 15
11
13 14
79 95
17 25
50 62
40 53
45 50
45 52
49 64
42 58
81 100
27 31
13
35 27
69 53
74 58
56 42
46 33
53 46
98 72
74 59
52 42
79 59
32 30
31 26
61 55
16
19 59
31 97
5 15
30 90
3 17
26 78
27 85
22 63
14 38
12 37
10 35
29 87
6 21
31 96
28 86
14 42
10
18 31
20 40
39 64
33 57
41 76
19 33
9 19
15 22
22 37
41 75
8
20 52
12 32
18 49
20 50
8 23
8 22
2 5
11 26
7
16 1
41 4
89 8
70 7
32 3
61 6
25 2
19
40 41
61 63
12 18
71 70
87 88
34 34
18 15
49 42
21 21
37 36
80 85
33 36
77 76
52 54
34 38
15 18
15 16
97 97
100 100
2
59 5
17 1
7
54 48
85 75
84 70
37 33
77 64
70 56
73 67
17
7 28
2 8
10 40
5 22
4 17
6 26
10 42
10 42
5 21
5 22
9 36
9 38
7 29
2 8
2 9
10 43
7 30
17
23 24
21 23
29 33
29 28
18 23
28 30
31 29
57 68
67 75
76 85
63 63
51 59
10 13
19 22
78 85
59 63
56 68
8
7 6
24 34
6 7
28 35
35 43
43 54
10 12
36 49
9
67 44
26 18
87 52
39 20
15 9
13 5
53 33
81 53
31 18
20
79 81
73 82
70 74
45 50
42 51
38 42
60 63
56 65
28 31
50 56
70 79
64 79
39 37
70 80
32 41
10 9
73 83
30 34
24 28
9 16
10
25 3
40 5
26 3
47 5
34 4
48 6
46 5
38 4
82 10
38 4
5
33 8
28 7
26 6
38 9
36 9
6
20 14
44 28
73 48
24 17
28 17
34 23
3
27 74
13 33
16 44
20
58 11
100 21
23 4
11 3
56 10
70 14
15 2
50 10
88 16
36 7
68 12
63 12
100 21
14 2
16 2
51 11
80 17
26 4
51 11
33 7
16
4 56
1 47
61 48
68 74
49 31
51 36
18 41
83 94
82 93
75 13
63 38
96 33
5 72
39 6
45 67
75 7
8
82 47
62 21
92 75
8 71
59 4
45 5
15 65
49 6
17
89 33
83 44
44 48
54 98
44 24
7 50
17 100
57 70
16 37
97 94
38 57
24 71
15 18
34 7
69 36
87 49
60 22
7
18 19
9 50
42 42
62 67
22 61
4 13
44 21
14
56 31
12 40
37 26
57 46
60 56
35 15
45 26
32 46
3 60
99 36
73 71
98 87
87 74
51 77
17
16 68
33 70
45 52
29 8
26 95
3 12
100 85
85 8
76 94
54 32
20 59
52 5
79 14
3 14
83 26
54 63
11 98
18
25 1
1 10
27 61
90 42
41 81
70 15
21 4
36 65
94 88
69 9
70 18
95 23
39 89
5 76
86 37
96 34
2 47
82 62
19
71 73
98 6
78 23
38 7
95 74
78 94
5 42
63 86
91 34
20 40
91 3
83 26
42 13
57 24
17 54
34 21
21 19
61 84
49 17
8
39 67
14 19
99 52
37 97
61 91
54 67
9 29
75 87
15
97 79
12 78
50 25
64 15
51 10
51 96
69 46
44 85
10 14
37 2
63 6
11 22
13 1
17 69
68 37
